CT1078641853


 95102  0     1  0  0  0  0  0999 V2000
   -0.8141    1.2420   -0.1221 O   0  0  0  0  0  0  0  0  0  0  0  0
    1.1361   -1.4687   -1.6032 O   0  0  0  0  0  0  0  0  0  0  0  0
    1.2413   -4.1610   -0.4559 O   0  0  0  0  0  0  0  0  0  0  0  0
   -3.5096   -0.7854   -0.5980 O   0  0  0  0  0  0  0  0  0  0  0  0
    1.9314   -1.5391    0.6340 O   0  0  0  0  0  0  0  0  0  0  0  0
   -4.2490   -2.6175    1.0669 O   0  0  0  0  0  0  0  0  0  0  0  0
    3.0148    0.2214   -2.8141 O   0  0  0  0  0  0  0  0  0  0  0  0
   -3.6657   -0.1935    1.6674 O   0  0  0  0  0  0  0  0  0  0  0  0
    3.3778   -1.3841   -0.4884 O   0  0  0  0  0  0  0  0  0  0  0  0
   -3.0171   -6.2216   -0.3922 O   0  0  0  0  0  0  0  0  0  0  0  0
   -1.9719   -5.4112   -2.6216 O   0  0  0  0  0  0  0  0  0  0  0  0
   -1.2109    1.3715    1.2725 O   0  0  0  0  0  0  0  0  0  0  0  0
   -0.1119   -6.4454   -2.0264 O   0  0  0  0  0  0  0  0  0  0  0  0
   -2.0264    1.3646   -0.7813 O   0  0  0  0  0  0  0  0  0  0  0  0
   -5.8872   -3.9846    0.4509 O   0  0  0  0  0  0  0  0  0  0  0  0
   -3.3932   -7.6664    1.2371 O   0  0  0  0  0  0  0  0  0  0  0  0
   -0.2539   -0.0660   -0.2516 C   0  0  3  0  0  0  0  0  0  0  0  0
   -0.3982   -1.0716    0.8924 C   0  0  3  0  0  0  0  0  0  0  0  0
    0.6146    1.1987   -0.1265 C   0  0  3  0  0  0  0  0  0  0  0  0
   -1.8156   -1.5857    0.9046 C   0  0  3  0  0  0  0  0  0  0  0  0
   -2.1291   -2.6349   -0.1650 C   0  0  3  0  0  0  0  0  0  0  0  0
    1.3356    1.3794   -1.4851 C   0  0  3  0  0  0  0  0  0  0  0  0
   -0.0476   -0.6241   -1.6832 C   0  0  3  0  0  0  0  0  0  0  0  0
   -1.0216   -3.4689   -0.6622 C   0  0  3  0  0  0  0  0  0  0  0  0
    0.6420   -2.1493    0.7191 C   0  0  3  0  0  0  0  0  0  0  0  0
    0.3615    0.6598   -2.4765 C   0  0  0  0  0  0  0  0  0  0  0  0
    0.4085   -2.9785   -0.5254 C   0  0  3  0  0  0  0  0  0  0  0  0
   -0.9686   -4.9588   -0.4115 C   0  0  3  0  0  0  0  0  0  0  0  0
    2.5643    0.4761   -1.4821 C   0  0  3  0  0  0  0  0  0  0  0  0
   -2.7694   -0.4123    0.5761 C   0  0  3  0  0  0  0  0  0  0  0  0
   -3.3132   -3.4729    0.3591 C   0  0  3  0  0  0  0  0  0  0  0  0
   -0.1306   -0.3474    2.2133 C   0  0  0  0  0  0  0  0  0  0  0  0
   -2.7055   -1.7491   -1.3127 C   0  0  0  0  0  0  0  0  0  0  0  0
    1.3890    1.5311    1.1505 C   0  0  0  0  0  0  0  0  0  0  0  0
   -2.0345   -5.5704    0.4556 C   0  0  3  0  0  0  0  0  0  0  0  0
    2.1063   -0.8378   -0.7774 C   0  0  3  0  0  0  0  0  0  0  0  0
   -2.7378   -4.5243    1.3186 C   0  0  0  0  0  0  0  0  0  0  0  0
    0.4383   -5.1722    0.1995 C   0  0  0  0  0  0  0  0  0  0  0  0
    3.7098    0.8529   -0.5887 C   0  0  0  0  0  0  0  0  0  0  0  0
   -0.9858   -5.6598   -1.7455 C   0  0  0  0  0  0  0  0  0  0  0  0
   -1.9752    0.8396    0.3057 C   0  0  0  0  0  0  0  0  0  0  0  0
    4.1407   -0.2951   -0.0589 C   0  0  0  0  0  0  0  0  0  0  0  0
   -5.5470   -2.9806    1.0452 C   0  0  0  0  0  0  0  0  0  0  0  0
   -3.6509   -7.2889    0.1186 C   0  0  0  0  0  0  0  0  0  0  0  0
   -1.9244   -6.1223   -3.8866 C   0  0  0  0  0  0  0  0  0  0  0  0
   -0.6781    2.7011    1.0350 C   0  0  0  0  0  0  0  0  0  0  0  0
   -6.5505   -2.1624    1.7400 C   0  0  0  0  0  0  0  0  0  0  0  0
   -4.6840   -8.0162   -0.7029 C   0  0  0  0  0  0  0  0  0  0  0  0
   -6.1286   -0.9174    2.4769 C   0  0  0  0  0  0  0  0  0  0  0  0
   -7.8320   -2.5208    1.7186 C   0  0  0  0  0  0  0  0  0  0  0  0
   -8.8612   -1.6817    2.4311 C   0  0  0  0  0  0  0  0  0  0  0  0
   -2.0537   -1.9837    1.8910 H   0  0  0  0  0  0  0  0  0  0  0  0
    1.5388    2.4196   -1.7397 H   0  0  0  0  0  0  0  0  0  0  0  0
   -0.9208   -1.1495   -2.0701 H   0  0  0  0  0  0  0  0  0  0  0  0
   -1.1603   -3.4412   -1.7430 H   0  0  0  0  0  0  0  0  0  0  0  0
    0.6184   -2.8045    1.5898 H   0  0  0  0  0  0  0  0  0  0  0  0
   -0.5154    1.2760   -2.6752 H   0  0  0  0  0  0  0  0  0  0  0  0
    0.8729    0.3999   -3.4034 H   0  0  0  0  0  0  0  0  0  0  0  0
    0.6794   -2.3914   -1.4029 H   0  0  0  0  0  0  0  0  0  0  0  0
   -3.8169   -3.9646   -0.4731 H   0  0  0  0  0  0  0  0  0  0  0  0
   -0.9037    0.4028    2.3794 H   0  0  0  0  0  0  0  0  0  0  0  0
   -0.1415   -1.0677    3.0313 H   0  0  0  0  0  0  0  0  0  0  0  0
    0.8440    0.1387    2.1702 H   0  0  0  0  0  0  0  0  0  0  0  0
   -3.3227   -2.3433   -1.9866 H   0  0  0  0  0  0  0  0  0  0  0  0
   -1.9027   -1.2534   -1.8585 H   0  0  0  0  0  0  0  0  0  0  0  0
    0.6948    1.6054    1.9875 H   0  0  0  0  0  0  0  0  0  0  0  0
    2.1158    0.7436    1.3500 H   0  0  0  0  0  0  0  0  0  0  0  0
    1.9082    2.4811    1.0236 H   0  0  0  0  0  0  0  0  0  0  0  0
   -1.5778   -6.3162    1.1061 H   0  0  0  0  0  0  0  0  0  0  0  0
    1.6306   -0.5583    0.1626 H   0  0  0  0  0  0  0  0  0  0  0  0
   -2.0226   -4.0584    1.9965 H   0  0  0  0  0  0  0  0  0  0  0  0
   -3.5427   -4.9902    1.8870 H   0  0  0  0  0  0  0  0  0  0  0  0
    0.8112   -6.1697   -0.0327 H   0  0  0  0  0  0  0  0  0  0  0  0
    0.4185   -5.0089    1.2770 H   0  0  0  0  0  0  0  0  0  0  0  0
    2.6634   -2.1699    0.5984 H   0  0  0  0  0  0  0  0  0  0  0  0
    4.1030    1.8431   -0.4118 H   0  0  0  0  0  0  0  0  0  0  0  0
    3.7942   -0.3488   -2.8634 H   0  0  0  0  0  0  0  0  0  0  0  0
   -4.3000    0.5210    1.5182 H   0  0  0  0  0  0  0  0  0  0  0  0
    4.9719   -0.3755    0.6261 H   0  0  0  0  0  0  0  0  0  0  0  0
   -0.9999   -5.8746   -4.4082 H   0  0  0  0  0  0  0  0  0  0  0  0
   -1.9607   -7.1959   -3.7016 H   0  0  0  0  0  0  0  0  0  0  0  0
   -2.7770   -5.8303   -4.4998 H   0  0  0  0  0  0  0  0  0  0  0  0
   -0.0417    2.6848    0.1502 H   0  0  0  0  0  0  0  0  0  0  0  0
   -1.5002    3.3994    0.8785 H   0  0  0  0  0  0  0  0  0  0  0  0
   -0.0922    3.0173    1.8982 H   0  0  0  0  0  0  0  0  0  0  0  0
   -4.2007   -8.8066   -1.2773 H   0  0  0  0  0  0  0  0  0  0  0  0
   -5.4322   -8.4532   -0.0416 H   0  0  0  0  0  0  0  0  0  0  0  0
   -5.1661   -7.3149   -1.3840 H   0  0  0  0  0  0  0  0  0  0  0  0
   -6.1674   -0.0638    1.8001 H   0  0  0  0  0  0  0  0  0  0  0  0
   -6.8023   -0.7462    3.3165 H   0  0  0  0  0  0  0  0  0  0  0  0
   -5.1110   -1.0416    2.8472 H   0  0  0  0  0  0  0  0  0  0  0  0
   -8.1344   -3.4131    1.1905 H   0  0  0  0  0  0  0  0  0  0  0  0
   -8.6190   -1.6337    3.4928 H   0  0  0  0  0  0  0  0  0  0  0  0
   -8.8623   -0.6752    2.0128 H   0  0  0  0  0  0  0  0  0  0  0  0
   -9.8467   -2.1294    2.3033 H   0  0  0  0  0  0  0  0  0  0  0  0
  1 17  1  0  0  0  0
  1 19  1  0  0  0  0
  2 23  1  0  0  0  0
  2 36  1  0  0  0  0
  3 27  1  0  0  0  0
  3 38  1  0  0  0  0
  4 30  1  0  0  0  0
  4 33  1  0  0  0  0
  5 25  1  0  0  0  0
  5 75  1  0  0  0  0
  6 31  1  0  0  0  0
  6 43  1  0  0  0  0
  7 29  1  0  0  0  0
  7 77  1  0  0  0  0
  8 30  1  0  0  0  0
  8 78  1  0  0  0  0
  9 36  1  0  0  0  0
  9 42  1  0  0  0  0
 10 35  1  0  0  0  0
 10 44  1  0  0  0  0
 11 40  1  0  0  0  0
 11 45  1  0  0  0  0
 12 41  1  0  0  0  0
 12 46  1  0  0  0  0
 13 40  2  0  0  0  0
 14 41  2  0  0  0  0
 15 43  2  0  0  0  0
 16 44  2  0  0  0  0
 17 18  1  0  0  0  0
 17 19  1  0  0  0  0
 17 23  1  0  0  0  0
 18 20  1  0  0  0  0
 18 25  1  0  0  0  0
 18 32  1  0  0  0  0
 19 22  1  0  0  0  0
 19 34  1  0  0  0  0
 20 21  1  0  0  0  0
 20 30  1  0  0  0  0
 20 52  1  0  0  0  0
 21 24  1  0  0  0  0
 21 31  1  0  0  0  0
 21 33  1  0  0  0  0
 22 26  1  0  0  0  0
 22 29  1  0  0  0  0
 22 53  1  0  0  0  0
 23 26  1  0  0  0  0
 23 54  1  0  0  0  0
 24 27  1  0  0  0  0
 24 28  1  0  0  0  0
 24 55  1  0  0  0  0
 25 27  1  0  0  0  0
 25 56  1  0  0  0  0
 26 57  1  0  0  0  0
 26 58  1  0  0  0  0
 27 59  1  0  0  0  0
 28 35  1  0  0  0  0
 28 38  1  0  0  0  0
 28 40  1  0  0  0  0
 29 36  1  0  0  0  0
 29 39  1  0  0  0  0
 30 41  1  0  0  0  0
 31 37  1  0  0  0  0
 31 60  1  0  0  0  0
 32 61  1  0  0  0  0
 32 62  1  0  0  0  0
 32 63  1  0  0  0  0
 33 64  1  0  0  0  0
 33 65  1  0  0  0  0
 34 66  1  0  0  0  0
 34 67  1  0  0  0  0
 34 68  1  0  0  0  0
 35 37  1  0  0  0  0
 35 69  1  0  0  0  0
 36 70  1  0  0  0  0
 37 71  1  0  0  0  0
 37 72  1  0  0  0  0
 38 73  1  0  0  0  0
 38 74  1  0  0  0  0
 39 42  2  0  0  0  0
 39 76  1  0  0  0  0
 42 79  1  0  0  0  0
 43 47  1  0  0  0  0
 44 48  1  0  0  0  0
 45 80  1  0  0  0  0
 45 81  1  0  0  0  0
 45 82  1  0  0  0  0
 46 83  1  0  0  0  0
 46 84  1  0  0  0  0
 46 85  1  0  0  0  0
 47 49  1  0  0  0  0
 47 50  2  3  0  0  0
 48 86  1  0  0  0  0
 48 87  1  0  0  0  0
 48 88  1  0  0  0  0
 49 89  1  0  0  0  0
 49 90  1  0  0  0  0
 49 91  1  0  0  0  0
 50 51  1  0  0  0  0
 50 92  1  0  0  0  0
 51 93  1  0  0  0  0
 51 94  1  0  0  0  0
 51 95  1  0  0  0  0
M  END
$$$$
