1H-Purine-2,6-dione, 3,7-dihydro-1,3,7-trimethyl-
  NIST    06261320363D 1   1.00000  -680.37678
Copyright by the U.S. Sec. Commerce on behalf of U.S.A. All rights reserved.
 24 25  0  0  0  0  0  0  0  0999 V2000
   -0.8846   -0.2231    0.1979 C    0  0  0  0  0  0  0  0  0  0  0  0
   -0.0884   -1.4021    0.3658 C    0  0  0  0  0  0  0  0  0  0  0  0
   -0.3717    1.0586    0.2340 C    0  0  0  0  0  0  0  0  0  0  0  0
   -2.2444   -0.0622   -0.0217 N    0  0  0  0  0  0  0  0  0  0  0  0
    0.9669    1.2963    0.4377 N    0  0  0  0  0  0  0  0  0  0  0  0
   -1.3378    1.9977    0.0489 N    0  0  0  0  0  0  0  0  0  0  0  0
    1.2754   -1.0692    0.5695 N    0  0  0  0  0  0  0  0  0  0  0  0
   -0.4907   -2.5623    0.3437 O    0  0  0  0  0  0  0  0  0  0  0  0
    1.8393    0.2211    0.6140 C    0  0  0  0  0  0  0  0  0  0  0  0
    1.4804    2.6644    0.4720 C    0  0  0  0  0  0  0  0  0  0  0  0
    2.2282   -2.1680    0.7587 C    0  0  0  0  0  0  0  0  0  0  0  0
    3.0381    0.3744    0.7991 O    0  0  0  0  0  0  0  0  0  0  0  0
   -2.4462    1.2774   -0.1007 C    0  0  0  0  0  0  0  0  0  0  0  0
   -3.2370   -1.1221   -0.1431 C    0  0  0  0  0  0  0  0  0  0  0  0
    2.5542    2.6054    0.6387 H    0  0  0  0  0  0  0  0  0  0  0  0
    1.2695    3.1670   -0.4762 H    0  0  0  0  0  0  0  0  0  0  0  0
    1.0005    3.2244    1.2797 H    0  0  0  0  0  0  0  0  0  0  0  0
    2.9943   -2.1363   -0.0196 H    0  0  0  0  0  0  0  0  0  0  0  0
    2.7197   -2.0733    1.7298 H    0  0  0  0  0  0  0  0  0  0  0  0
    1.6643   -3.0971    0.7037 H    0  0  0  0  0  0  0  0  0  0  0  0
   -3.4307    1.6933   -0.2705 H    0  0  0  0  0  0  0  0  0  0  0  0
   -4.2150   -0.6623   -0.3000 H    0  0  0  0  0  0  0  0  0  0  0  0
   -2.9943   -1.7719   -0.9868 H    0  0  0  0  0  0  0  0  0  0  0  0
   -3.2544   -1.7279    0.7654 H    0  0  0  0  0  0  0  0  0  0  0  0
  2  8  2  0
  4 14  1  0
  5 10  1  0
  7 11  1  0
  9 12  2  0
  7  9  1  0
  9  5  1  0
  5  3  1  0
  3  6  1  0
  6 13  2  0
 13  4  1  0
  4  1  1  0
  3  1  2  0
  1  2  1  0
  7  2  1  0
 10 15  1  0
 10 16  1  0
 10 17  1  0
 11 18  1  0
 11 19  1  0
 11 20  1  0
 13 21  1  0
 14 22  1  0
 14 23  1  0
 14 24  1  0
M  END
> <COPYRIGHT>
Collection (C) 2016 copyright by the U.S. Secretary of Commerce on behalf of the United States of America. All rights reserved.

> <DATE>
2013-06-26

> <CAS.NUMBER>
58-08-2

> <SYNONYMS>
1H-Purine-2,6-dione, 3,7-dihydro-1,3,7-trimethyl-
Caffeine
1,3,7-Trimethyl-2,6-dioxopurine
1,3,7-Trimethylxanthine

> <METHOD>
B3LYP/6-31G*

> <DIPOLE.MOMENT>
3.7992 debye

> <ELECTRONIC.ENERGY>
-680.376779509 hartree

> <IR.FREQUENCIES>
"Frequency (cm-1)"   "Intensity (km/mol)"
35.3027  0.1187
74.3798  0.9554
92.0358  0.1173
102.4312  0.5995
125.7058  6.6845
127.1861  2.7228
161.4430  5.0571
208.9651  8.9550
220.7257  0.6925
274.5437  0.0076
300.9329  0.9333
359.2890  7.5175
368.6842  0.0087
396.1407  14.5717
425.3557  22.4316
445.2069  9.4806
484.2423  22.2730
557.6761  1.0127
618.5118  12.0855
647.7974  0.9558
700.8780  0.5830
738.5426  28.8191
744.8298  0.2342
752.9993  12.4483
817.7229  0.1649
832.8974  9.6917
947.4197  7.2288
997.6495  26.2196
1049.3317  61.2685
1082.9531  7.2464
1096.5369  3.4282
1163.6158  0.0544
1168.1060  0.5015
1169.8223  0.0130
1223.2775  44.3273
1238.6255  15.0826
1274.5766  41.8951
1283.4941  37.5958
1321.0110  25.7168
1371.2494  55.3044
1396.8792  68.9906
1425.5843  26.1901
1455.0552  3.2037
1469.1185  60.0031
1476.4772  35.9243
1505.3510  9.0839
1511.8944  142.4520
1523.5394  16.1685
1523.7133  0.2663
1531.1854  17.3201
1533.4455  46.3832
1545.0836  26.6647
1592.7606  136.7831
1641.8563  91.8724
1755.1181  699.7421
1792.5793  341.0402
3076.9556  38.3184
3084.1755  27.3129
3087.6831  27.1774
3137.8374  15.7918
3151.3199  14.5001
3161.1469  6.5895
3170.4819  8.4137
3206.9879  0.3129
3207.1034  0.6905
3268.4007  1.5686

> <ROTATIONAL.CONSTANTS>
1.05723 GHz
0.70376 GHz
0.42590 GHz

> <SOFTWARE>
Gaussian 09, Revision D.01

> <CONTRIBUTOR>
Michael Liou

$$$$
