
  NIST    08031214523D 1   1.00000  -686.35671
Copyright by the U.S. Sec. Commerce on behalf of U.S.A. All rights reserved.
 27 28  0  0  0  0  0  0  0  0999 V2000
    3.0439    1.1638    0.1170 C    0  0  0  0  0  0  0  0  0  0  0  0
    1.7881    0.6056    0.3785 C    0  0  0  0  0  0  0  0  0  0  0  0
    3.1280    2.5490    0.0428 C    0  0  0  0  0  0  0  0  0  0  0  0
    0.6237    1.4015    0.5688 C    0  0  0  0  0  0  0  0  0  0  0  0
    1.4019   -0.7131    0.4986 N    0  0  0  0  0  0  0  0  0  0  0  0
    0.7439    2.8014    0.4832 C    0  0  0  0  0  0  0  0  0  0  0  0
   -0.4807    0.4989    0.8040 C    0  0  0  0  0  0  0  0  0  0  0  0
    1.9883    3.3601    0.2223 C    0  0  0  0  0  0  0  0  0  0  0  0
    0.0443   -0.7699    0.7484 C    0  0  0  0  0  0  0  0  0  0  0  0
   -1.9114    0.8573    1.0852 C    0  0  0  0  0  0  0  0  0  0  0  0
   -2.2057    1.0820    2.6083 C    0  0  0  0  0  0  0  0  0  0  0  0
   -1.4503    2.1388    3.2641 N    0  0  0  0  0  0  0  0  0  0  0  0
   -3.6841    1.4029    2.7493 C    0  0  0  0  0  0  0  0  0  0  0  0
   -4.4518    0.2863    2.7577 O    0  0  0  0  0  0  0  0  0  0  0  0
   -4.1526    2.5198    2.7872 O    0  0  0  0  0  0  0  0  0  0  0  0
    3.9219    0.5386   -0.0237 H    0  0  0  0  0  0  0  0  0  0  0  0
    4.0886    3.0148   -0.1586 H    0  0  0  0  0  0  0  0  0  0  0  0
    2.0076   -1.5118    0.3928 H    0  0  0  0  0  0  0  0  0  0  0  0
   -0.1265    3.4381    0.6193 H    0  0  0  0  0  0  0  0  0  0  0  0
    2.0886    4.4398    0.1545 H    0  0  0  0  0  0  0  0  0  0  0  0
   -0.4516   -1.7247    0.8625 H    0  0  0  0  0  0  0  0  0  0  0  0
   -2.1864    1.7730    0.5452 H    0  0  0  0  0  0  0  0  0  0  0  0
   -2.5732    0.0620    0.7200 H    0  0  0  0  0  0  0  0  0  0  0  0
   -2.0103    0.1334    3.1218 H    0  0  0  0  0  0  0  0  0  0  0  0
   -0.4716    2.0893    2.9906 H    0  0  0  0  0  0  0  0  0  0  0  0
   -1.8159    3.0430    2.9703 H    0  0  0  0  0  0  0  0  0  0  0  0
   -5.3772    0.5953    2.7910 H    0  0  0  0  0  0  0  0  0  0  0  0
  7 10  1  0
 10 11  1  0
 11 12  1  0
 11 13  1  0
 13 14  1  0
 13 15  2  0
  8  3  1  0
  3  1  2  0
  1  2  1  0
  2  5  1  0
  5  9  1  0
  9  7  2  0
  7  4  1  0
  2  4  2  0
  4  6  1  0
  8  6  2  0
  1 16  1  0
  3 17  1  0
  5 18  1  0
  6 19  1  0
  8 20  1  0
  9 21  1  0
 10 22  1  0
 10 23  1  0
 11 24  1  0
 12 25  1  0
 12 26  1  0
 14 27  1  0
M  END
> <COPYRIGHT>
Collection (C) 2016 copyright by the U.S. Secretary of Commerce on behalf of the United States of America. All rights reserved.

> <DATE>
2012-08-03

> <CAS.NUMBER>
54-12-6

> <METHOD>
B3LYP/6-31G*

> <DIPOLE.MOMENT>
4.0020 debye

> <ELECTRONIC.ENERGY>
-686.356711602 hartree

> <IR.FREQUENCIES>
"Frequency (cm-1)"   "Intensity (km/mol)"
34.2566  0.3858
45.3858  0.3832
65.5085  0.5714
73.3259  0.6987
160.8538  0.2883
192.8194  2.3350
224.4822  6.6589
228.4897  2.1158
267.5993  31.9233
321.1629  6.6518
333.3262  17.1690
377.4428  52.3920
415.6290  35.7622
436.7976  0.5413
467.2029  3.1152
510.7641  25.9049
555.6856  3.5451
573.4762  6.5663
589.2061  8.7910
621.6965  59.6019
638.6839  19.2726
659.0897  18.3469
722.3593  34.5132
755.4366  63.8137
773.5105  5.5252
779.7760  0.3169
783.8314  15.9035
798.7826  19.9964
856.6534  1.1938
867.1642  26.6553
884.5077  141.8458
890.7196  16.4072
911.1630  60.5939
924.4254  1.0829
967.1073  0.4020
1012.3498  25.8871
1044.2919  7.1075
1080.8813  5.0216
1118.8269  27.0630
1130.0997  51.9434
1158.1760  145.5457
1161.3085  42.4664
1185.6928  13.7304
1207.6048  62.2458
1256.8244  17.3021
1265.6686  28.7639
1285.4798  12.9610
1311.4783  5.2774
1336.7120  4.9953
1359.5073  8.6964
1371.9593  46.5224
1387.0666  12.2347
1396.1543  4.7707
1459.8321  29.1970
1465.1967  19.4322
1499.5483  19.9877
1512.6484  4.5077
1540.1965  3.7884
1600.5845  8.2010
1631.1341  0.8124
1673.3633  46.7504
1677.7660  1.3071
1845.1939  243.2183
3039.4734  23.8175
3066.8004  8.5146
3087.6441  27.1298
3181.7900  2.5187
3187.9537  4.2160
3198.4291  35.2834
3210.0957  24.3385
3262.8019  1.5506
3482.2414  1.2895
3575.2739  10.7549
3668.0791  67.0329
3679.2492  49.3553

> <ROTATIONAL.CONSTANTS>
1.36893 GHz
0.32516 GHz
0.27765 GHz

> <SOFTWARE>
Gaussian 09, Revision C.01

> <CONTRIBUTOR>
Jeffrey Qiu

$$$$
